2 0.31201407338100445 0.8696853555157856 0.22711577792830412 0.11292274715740262
2 0.21460240558403712 0.7006084028002452 0.2199317989592032 0.2433536998023559
2 0.18546934701389542 0.4288167027861277 0.25513895861557023 0.2017878260824803
2 0.15664058288040122 0.2674997711878617 0.2868935696514182 0.15378994183926098
2 0.6306545307533792 0.7892195216113848 0.17966092378986112 0.12885158404557515
2 0.5755498716628391 0.6349184294615402 0.24396908525525038 0.13727029977412109
2 0.5342996726582074 0.49078129258748504 0.24857469810012062 0.13598081555913666
2 0.48931031999010244 0.3351074162367734 0.24676653663473136 0.13120231029746474
2 0.4679498971047524 0.24153172148432786 0.26396068068726597 0.10260687343752695
2 0.42641309305716657 0.0919258346102726 0.2054864393936935 0.11633617349399668
2 0.8904821949901024 0.7266083166179442 0.21903561001979527 0.11961236291418338
2 0.8961191627085846 0.5537245534637645 0.20776167458283085 0.20649073663405879
2 0.8127721534363305 0.3914968402248803 0.2858223925821967 0.16307393657758915
2 0.7101949508136541 0.1694921515907079 0.2624202713695835 0.3389843031814158