2 0.7470905927055554 0.1041298013505535 0.10832556553881964 0.208259602701107
2 0.5519235630702777 0.10318007878373658 0.23772212480937505 0.20636015756747317
2 0.2964346696435415 0.20802476973448245 0.196371079406528 0.2546423735357157
2 0.1390027229301734 0.2651727193539216 0.14717116641250022 0.28698002965749525
2 0.8193772879003122 0.4091615750207781 0.12594817021222227 0.17996602570316256
2 0.6570948402370135 0.4399698591268977 0.13212674145062522 0.24421952669174568
2 0.5095106722089927 0.47642330676917044 0.13063697663298618 0.2472808596955513
2 0.35013501899861066 0.5164792568829012 0.1259131090418058 0.24552735870696818
2 0.25736563753972175 0.5452356096583703 0.09822452013597242 0.2631313527754692
2 0.10423998432933979 0.5850368917873234 0.11250391926229182 0.20595552273741297
2 0.8918464742613537 0.6825088917129614 0.1137767849536111 0.26064302273741297
2 0.7353769622935064 0.7653744243362061 0.20203919794763897 0.22989704152049342
2 0.5480406164538187 0.765983213879533 0.15647343123013915 0.28423703163466174
2 0.2889559039728813 0.7976138517497049 0.3651574469977086 0.26308090912471016