1 0.7424730257805976 0.1953057352855096 0.03362472749876275 0.04622178213245363
1 0.7019055794894993 0.2676748287798766 0.040447937584671044 0.057341138558944314
1 0.4985559294440707 0.17647185259906 0.04423467887824373 0.040290030878812375
1 0.4567535317734913 0.24254548198680434 0.03313340456798421 0.036846782132453626
0 0.44546855099536825 0.15927834092057752 0.022851001809022265 0.04902853338609488
1 0.3620187273872212 0.6169257048689156 0.0514673247398008 0.05922188730530316
1 0.3009606394184373 0.8115418714036785 0.05992827792830413 0.10159124373179367
0 0.2192016270939654 0.9233993622324785 0.02942855042954129 0.05546038981258548
0 0.25832707711465003 0.10219195196592176 0.034197937584671045 0.05715928213245362
0 0.16495121834210963 0.8537484402874392 0.034279824739800804 0.058721782132453625
1 0.19765741350155416 0.3789757608205527 0.0430816146538926 0.04805706677218975
0 0.13150454828183475 0.2229099657559753 0.01915279172311406 0.03800010517284953
1 0.06191250678586331 0.6848727566639176 0.03995661465389255 0.04796613855894431