1 0.7187332307650685 0.8560914654276383 0.038193512820281585 0.04927395459715278
1 0.6947092258026697 0.7768767441129855 0.044952935070022446 0.06035692496187508
1 0.47468997828386905 0.8218846920606246 0.047350188998963996 0.04480466014423605
1 0.44861332174989377 0.7489745221327426 0.036194365177646404 0.03986258700597212
0 0.41940316480163375 0.8270819915475343 0.027256012820281582 0.0490193814588892
1 0.43543465570540574 0.365271669359201 0.056035984284234355 0.06373649810013893
1 0.41663534408519726 0.16314612490628438 0.06886562406898662 0.10461607123840282
0 0.3606678263025169 0.0361848878240622 0.0338698858558109 0.05697735182361113
0 0.22381883705137467 0.8425836242406943 0.038630160462916764 0.05864895459715278
0 0.292902437551222 0.09250892942718726 0.03870293507002263 0.060211454597152804
1 0.22321940777232036 0.5610426835112499 0.04771406203449331 0.05261716014423605
0 0.12486329859052998 0.6994168121203471 0.023694365177646403 0.03957164627652787
1 0.15562937758364326 0.23491724781579845 0.044516287427387446 0.05098192496187508