1 0.8390625 0.265625 0.04296875 0.0296875
1 0.7640625 0.2984375 0.0546875 0.034375
1 0.83828125 0.5109375 0.03828125 0.03984375
1 0.76875 0.5453125 0.03515625 0.0296875
0 0.85078125 0.565625 0.046875 0.0171875
1 0.3890625 0.60078125 0.05625 0.0453125
1 0.190625 0.64140625 0.096875 0.05078125
0 0.07265625 0.7109375 0.05390625 0.0234375
0 0.8921875 0.7578125 0.0546875 0.02734375
0 0.1375 0.771875 0.05625 0.02734375
1 0.6125 0.7890625 0.0453125 0.0390625
0 0.7625 0.87109375 0.03828125 0.015625
1 0.296875 0.8921875 0.0453125 0.0359375